# everforest_light_medium
palette = {23644, 27242, 29298, 63736, 21845, 21074, 36237, 41377, 257, 57311, 41120, 0, 14906, 38036, 50629, 57311, 26985, 47802, 13621, 42919, 31868, 57311, 56797, 51400, 21845, 22359, 21331, 63736, 21845, 21074, 36237, 41377, 257, 57311, 41120, 0, 14906, 38036, 50629, 57311, 26985, 47802, 13621, 42919, 31868, 57311, 56797, 51400}
back_red=65021
back_green=63222
back_blue=58339
text_red=23644
text_green=27242
text_blue=29298

# code_dark
palette = {7710, 7710, 7710, 62708, 18247, 18247, 24672, 35723, 20046, 56540, 56540, 43690, 22102, 40092, 54998, 50886, 30840, 56797, 22102, 46774, 49858, 54484, 54484, 54484, 7710, 7710, 7710, 62708, 18247, 18247, 24672, 35723, 20046, 56540, 56540, 43690, 22102, 40092, 54998, 50886, 30840, 56797, 22102, 46774, 49858, 54484, 54484, 54484}
back_red=7710
back_green=7710
back_blue=7710
text_red=54484
text_green=54484
text_blue=54484
